image_width: 1280
image_height: 800
camera_name: ov9281_00
camera_matrix:
  rows: 3
  cols: 3
  data: [ 686.54485,    0.     ,  617.25882,
            0.     ,  771.36848,  442.19109,
            0.     ,    0.     ,    1.     ]
camera_model: plumb_bob
distortion_coefficients:
  rows: 1
  cols: 5
  data: [-0.239430, 0.041901, -0.003094, -0.001307, 0.000000]
rectification_matrix:
  rows: 3
  cols: 3
  data: [ 1.,  0.,  0.,
          0.,  1.,  0.,
          0.,  0.,  1.]
projection_matrix:
  rows: 3
  cols: 4
  data: [ 491.5806 ,    0.     ,  590.91505,    0.     ,
            0.     ,  715.54181,  446.57013,    0.     ,
            0.     ,    0.     ,    1.     ,    0.     ]
